0
1
2
3
4
5
6
7
8
9
10
11
12
13
14
15
16
17
18
19
23
24
25
26
27
32
33
34
36
37
39
40
44
47
48
49
50
51
56
57
58
61
64
65
66
67
69
70
71
72
75
76
77
78
80
81
82
83
84
87
89
91
92
93
94
95
96
97
98
100
102
103
104
106
107
115
125
126
130
131
133
134
136
138
139
140
152
153
157
158
159
173
174
175
178
179
180
194
197
198
201
203
206
207
208
210
224
225
226
229
230
231
238
239
240
246
247
248
251
252
254
255
256
262
272
275
276
281
282
286
287
288
291
292
293
300
301
302
303
308
310
311
312
313
314
315
317
318
319
329
330
331
332
333
335
337
338
339
340
344
345
346
364
365
367
368
370
371
372
373
375
376
377
378
380
381
382
383
384
385
386
388
389
390
394
396
397
398
399
400
401
402
404
405
406
407
411
412
415
416
417
418
419
420
424
425
426
427
428
429
430
431
432
433
434
436
442
443
450
451
455
456
462
465
466
468
469
476
477
478
479
480
481
482
483
484
487
489
493
494
495
497
498
499
500
501
505
506
507
508
509
510
511
512
513
514
516
517
518
519
520
522
523
525
526
528
529
532
537
538
539
540
550
552
556
558
560
562
563
564
565
566
567
568
574
575
576
580
581
582
583
584
585
589
606
611
612
613
614
616
617
618
621
622
625
626
627
628
630
631
638
639
640
642
643
647
656
657
659
660
664
665
666
667
670
671
672
674
677
678
681
682
689
694
696
701
702
703
704
708
712
719
720
721
726
727
735
739
740
742
749
753
756
758
759
760
762
763
764
767
768
776
781
783
785
786
787
791
792
793
794
795
800
802
803
806
807
808
817
821
824
828
829
833
834
835
836
839
840
842
843
844
845
846
850
856
860
862
866
867
870
871
877
879
884
885
889
890
891
893
906
907
908
910
913
916
921
936
938
951
954
956
957
958
959
961
965
971
981
983
984
985
986
988
989
998
999
1000
1003
1004
1005
1014
1015
1019
1024
1025
1026
1027
1029
1038
1052
1053
1060
1061
1062
1067
1078
1082
1086
1088
1091
1095
1119
1122
1154
1211
1228
1229
1244
1362
1588
1589
1590
1702
1755
1801
1875
1911
2860
2918
3171
3172
3191
3270
3288
3289
3342
3450
3465
3466
3505
3506
3542
3554
3584
3590
3628
3629
3631
3649
3654
3655
3678
3679
3696
3697
3698
3699
3702
3704
3705
3706
3707
3711
3712
3727
3731
3735
3738
3740
3761
3771
3775
3776
3800
3801
3803
3804
3810
3812
3813
3814
3825
3838
3839
3845
3846
3848
3849
3851
3854
3856
3857
3858
3861
3863
3870
3873
3882
3884
3890
3895
3896
3897
3900
3903
3906
3907
3908
3917
3918
3919
3921
3929
3930
3934
3935
3936
3944
3945
3946
3947
3959
3960
3961
3980
3981
3983
3984
3986
3990
3994
3995
3996
3997
3998
4000
4003
4004
4005
4006
4007
4008
4016
4018
4019
4020
4021
4022
4023
4025
4026
4027
4028
4032
4034
4035
4036
4037
4038
4039
4044
4045
4046
4047
4048
4054
4056
4057
4058
4059
4064
4065
4066
4067
4068
4069
4085
4087
4088
4108
4113
4114
4115
4116
4117
4118
4126
4129
4130
4131
4132
4134
4139
4144
4151
4153
4154
4156
4157
4159
4160
4162
4164
4165
4166
4170
4171
4172
4173
4179
4181
4182
4185
4186
4187
4189
4191
4192
4195
4199
4200
4201
4207
4208
4209
4210
4211
4212
4216
4217
4219
4221
4222
4223
4224
4228
4230
4231
4234
4237
4238
4239
4240
4241
4242
4243
4245
4247
4251
4252
4253
4255
4256
4257
4258
4259
4260
4262
4265
4268
4269
4270
4271
4272
4273
4281
4284
4285
4286
4288
4289
4290
4291
4292
4297
4298
4299
4300
4302
4303
4304
4305
4306
4313
4314
4328
4330
4331
4332
4333
4334
4335
4339
4340
4341
4342
4344
4345
4354
4355
4356
4357
4359
4368
4369
4372
4373
4375
4376
4377
4378
4381
4382
4394
4397
4398
4399
4412
4413
4416
4425
4427
4429
4430
4446
4447
4448
4450
4459
4460
4466
4488
4489
4492
4496
4508
4511
4512
4513
4514
4515
4516
4520
4521
4523
4524
4528
4529
4530
4531
4532
4538
4539
4552
4554
4558
4561
4562
4564
4568
4569
4570
4571
4572
4574
4575
4576
4577
4578
4579
4580
4581
4582
4583
4584
4585
4586
4587
4588
4590
4592
4593
4594
4597
4600
4610
4611
4612
4614
4615
4618
4619
4622
4623
4625
4627
4632
4633
4636
4637
4638
4639
4640
4641
4642
4645
4646
4647
4648
4652
4655
4656
4657
4658
4659
4662
4663
4664
4671
4672
4673
4675
4680
4681
4682
4685
4693
4716
4717
4724
4746
4781
4911
4914
4933
4938
4943
4944
4946
4947
4950
4951
4953
4962
4965
4966
4967
4969
4970
4974
4977
4980
4985
4988
4989
4990
4991
4992
4995
4996
4997
4999
5000
5013
5014
5015
5019
5023
5024
5025
