0
1
2
3
4
5
6
19
20
21
22
23
24
25
26
236
237
238
239
240
242
244
245
246
247
248
249
250
251
252
253
254
255
256
257
258
259
260
261
262
263
270
272
277
278
280
281
282
599
600
601
602
604
605
606
607
608
610
611
614
615
616
618
621
622
623
624
625
626
627
628
629
630
631
632
633
635
641
651
652
654
655
656
657
658
659
660
661
662
853
854
856
859
865
866
867
868
869
870
871
872
873
874
875
876
877
878
879
880
881
882
883
884
885
886
887
888
889
890
891
892
893
894
895
896
897
898
899
900
901
902
903
904
905
908
909
914
922
934
935
936
937
938
939
940
941
942
943
944
945
946
947
948
949
950
951
952
953
954
955
956
957
1427
1432
1434
1435
1436
1437
1438
1439
1440
1441
1442
1443
1444
1446
1448
1449
1454
1455
1456
1457
1461
1463
1464
1465
1466
1474
1475
1476
1477
1478
1479
1480
1481
1482
1483
1484
1485
1486
1487
1488
1489
1490
1491
1492
1493
1494
1495
1496
1497
1498
1499
1500
1501
1502
1503
1504
1505
1506
1507
1508
1521
1524
1539
1540
1541
1544
1545
1546
1547
1548
1549
1550
1551
1552
1553
1554
1555
1556
1557
1558
1559
1560
2096
2101
2103
2104
2105
2106
2107
2108
2109
2110
2111
2112
2113
2114
2115
2116
2119
2120
2124
2125
2126
2127
2129
2131
2136
2138
2139
2140
2145
2146
2147
2148
2149
2150
2151
2152
2153
2154
2155
2156
2157
2158
2159
2160
2161
2162
2163
2164
2165
2166
2167
2168
2169
2170
2171
2172
2173
2174
2175
2176
2177
2178
2179
2180
2181
2182
2183
2184
2185
2186
2187
2188
2189
2190
2191
2192
2193
2194
2195
2196
2197
2198
2199
2200
2201
2202
2203
2204
2205
2206
2207
2208
2209
2210
2211
2212
2213
2214
2215
2216
2217
2218
2219
2220
2221
2223
2225
2228
2229
2230
2231
2232
2234
2235
2236
2237
2238
2243
2261
2262
2263
2264
2265
2266
2272
2273
2315
2316
2317
2318
2319
2320
2321
2322
2324
2325
2326
2327
2328
2329
2330
2331
2332
2333
2334
2335
2336
2337
2338
2339
2340
2341
2342
2343
2344
2345
2346
2347
2348
2349
2350
2351
2352
2353
2354
2355
2356
2357
2358
2359
2360
2361
2362
2363
3338
3339
3346
3347
3349
3350
3351
3352
3353
3354
3355
3356
3357
3358
3359
3360
3361
3362
3363
3364
3366
3367
3372
3373
3374
3375
3376
3377
3378
3379
3389
3390
3391
3392
3393
3394
3395
3396
3397
3399
3404
3406
3407
3411
3412
3413
3414
3415
3416
3417
3418
3419
3420
3421
3422
3423
3436
3437
3438
3439
3440
3441
3442
3443
3444
3445
3446
3448
3450
3451
3452
3453
3454
3455
3456
3457
3458
3459
3460
3461
3462
3463
3464
3465
3466
3467
3468
3469
3470
3471
3472
3473
3474
3475
3476
3477
3478
3479
3480
3481
3491
3492
3495
3498
3499
3514
3515
3516
3517
3518
3519
3520
3521
3522
3523
3524
3525
3526
3527
3528
3529
3832
3833
3834
3835
3836
3837
3838
3843
3844
3845
3849
3850
3851
3852
3853
3854
3859
3860
3862
3863
3864
3869
3870
3871
3872
3873
3874
3875
3876
3877
3878
3879
3880
3881
3882
3883
3884
3885
3886
3887
3888
3889
3890
3891
3892
3893
3894
3895
3896
3897
3898
3899
3900
3901
3902
3903
3904
3905
3906
3907
3908
3909
3910
3911
3912
3913
3914
3915
3916
3917
3918
3919
3920
3921
3922
3923
3924
3926
3927
3928
3929
3930
3931
3932
3938
3939
3955
3956
3957
3989
3990
3991
3992
3994
3995
3996
3997
3998
3999
4000
4001
4002
4003
4004
4005
4006
4007
4008
4009
4010
4011
4012
4013
4014
4015
4016
4017
4018
4019
4020
4021
4022
4023
4024
4025
4026
4027
4028
4029
4030
4031
4032
4033
4034
4035
4036
4037
4038
4039
4907
4908
4914
4915
4916
4917
4918
4919
4920
4921
4922
4923
4924
4925
4926
4927
4928
4929
4932
4938
4939
4940
4941
4942
4943
4944
4945
4946
4947
4948
4949
4956
4957
4958
4959
4960
4961
4962
4963
4964
4965
4966
4967
4968
4969
4970
4980
4981
4988
4989
4990
4991
4992
4993
4994
4995
4996
4997
5017
5018
5019
5020
5021
5022
5023
5024
5025
5026
5027
5028
5029
5030
5031
5032
5033
5034
5035
5036
5037
5038
5041
5042
5043
5044
5045
5046
5047
5048
